1	2	3	4	5	6	7	8	9	10	11	12	13	113	143	144	145	146	147	148	112	
150	151	152	153	154	155	149	143	144	145	146	147	148	113	8	9	10	11	12	13	114	
8	9	10	11	12	13	14	15	16	17	18	19	20	115	150	151	152	153	154	155	114	
157	158	159	160	161	162	156	150	151	152	153	154	155	115	15	16	17	18	19	20	116	
15	16	17	18	19	20	21	22	23	24	25	26	27	117	157	158	159	160	161	162	116	
164	165	166	167	168	169	163	157	158	159	160	161	162	117	22	23	24	25	26	27	118	
22	23	24	25	26	27	28	29	30	31	32	33	34	119	164	165	166	167	168	169	118	
171	172	173	174	175	176	170	164	165	166	167	168	169	119	29	30	31	32	33	34	120	
29	30	31	32	33	34	35	36	37	38	39	40	41	121	171	172	173	174	175	176	120	
178	179	180	181	182	183	177	171	172	173	174	175	176	121	36	37	38	39	40	41	122	
36	37	38	39	40	41	42	43	44	45	46	47	48	123	178	179	180	181	182	183	122	
185	186	187	188	189	190	184	178	179	180	181	182	183	123	43	44	45	46	47	48	124	
43	44	45	46	47	48	49	50	51	52	53	54	55	125	185	186	187	188	189	190	124	
192	193	194	195	196	197	191	185	186	187	188	189	190	125	50	51	52	53	54	55	126	
50	51	52	53	54	55	56	57	58	59	60	61	62	127	192	193	194	195	196	197	126	
199	200	201	202	203	204	198	192	193	194	195	196	197	127	57	58	59	60	61	62	128	
57	58	59	60	61	62	63	64	65	66	67	68	69	129	199	200	201	202	203	204	128	
206	207	208	209	210	211	205	199	200	201	202	203	204	129	64	65	66	67	68	69	130	
64	65	66	67	68	69	70	71	72	73	74	75	76	131	206	207	208	209	210	211	130	
213	214	215	216	217	218	212	206	207	208	209	210	211	131	71	72	73	74	75	76	132	
71	72	73	74	75	76	77	78	79	80	81	82	83	133	213	214	215	216	217	218	132	
220	221	222	223	224	225	219	213	214	215	216	217	218	133	78	79	80	81	82	83	134	
78	79	80	81	82	83	84	85	86	87	88	89	90	135	220	221	222	223	224	225	134	
227	228	229	230	231	232	226	220	221	222	223	224	225	135	85	86	87	88	89	90	136	
85	86	87	88	89	90	91	92	93	94	95	96	97	137	227	228	229	230	231	232	136	
234	235	236	237	238	239	233	227	228	229	230	231	232	137	92	93	94	95	96	97	138	
92	93	94	95	96	97	98	99	100	101	102	103	104	139	234	235	236	237	238	239	138	
241	242	243	244	245	246	240	234	235	236	237	238	239	139	99	100	101	102	103	104	140	
99	100	101	102	103	104	105	106	107	108	109	110	111	141	241	242	243	244	245	246	140	
248	249	250	251	252	253	247	241	242	243	244	245	246	141	106	107	108	109	110	111	142	
143	144	145	146	147	148	149	150	151	152	153	154	155	255	285	286	287	288	289	290	254	
292	293	294	295	296	297	291	285	286	287	288	289	290	255	150	151	152	153	154	155	256	
150	151	152	153	154	155	156	157	158	159	160	161	162	257	292	293	294	295	296	297	256	
299	300	301	302	303	304	298	292	293	294	295	296	297	257	157	158	159	160	161	162	258	
157	158	159	160	161	162	163	164	165	166	167	168	169	259	299	300	301	302	303	304	258	
306	307	308	309	310	311	305	299	300	301	302	303	304	259	164	165	166	167	168	169	260	
164	165	166	167	168	169	170	171	172	173	174	175	176	261	306	307	308	309	310	311	260	
313	314	315	316	317	318	312	306	307	308	309	310	311	261	171	172	173	174	175	176	262	
171	172	173	174	175	176	177	178	179	180	181	182	183	263	313	314	315	316	317	318	262	
320	321	322	323	324	325	319	313	314	315	316	317	318	263	178	179	180	181	182	183	264	
178	179	180	181	182	183	184	185	186	187	188	189	190	265	320	321	322	323	324	325	264	
327	328	329	330	331	332	326	320	321	322	323	324	325	265	185	186	187	188	189	190	266	
185	186	187	188	189	190	191	192	193	194	195	196	197	267	327	328	329	330	331	332	266	
334	335	336	337	338	339	333	327	328	329	330	331	332	267	192	193	194	195	196	197	268	
192	193	194	195	196	197	198	199	200	201	202	203	204	269	334	335	336	337	338	339	268	
341	342	343	344	345	346	340	334	335	336	337	338	339	269	199	200	201	202	203	204	270	
199	200	201	202	203	204	205	206	207	208	209	210	211	271	341	342	343	344	345	346	270	
348	349	350	351	352	353	347	341	342	343	344	345	346	271	206	207	208	209	210	211	272	
206	207	208	209	210	211	212	213	214	215	216	217	218	273	348	349	350	351	352	353	272	
355	356	357	358	359	360	354	348	349	350	351	352	353	273	213	214	215	216	217	218	274	
213	214	215	216	217	218	219	220	221	222	223	224	225	275	355	356	357	358	359	360	274	
362	363	364	365	366	367	361	355	356	357	358	359	360	275	220	221	222	223	224	225	276	
220	221	222	223	224	225	226	227	228	229	230	231	232	277	362	363	364	365	366	367	276	
369	370	371	372	373	374	368	362	363	364	365	366	367	277	227	228	229	230	231	232	278	
227	228	229	230	231	232	233	234	235	236	237	238	239	279	369	370	371	372	373	374	278	
376	377	378	379	380	381	375	369	370	371	372	373	374	279	234	235	236	237	238	239	280	
234	235	236	237	238	239	240	241	242	243	244	245	246	281	376	377	378	379	380	381	280	
383	384	385	386	387	388	382	376	377	378	379	380	381	281	241	242	243	244	245	246	282	
241	242	243	244	245	246	247	248	249	250	251	252	253	283	383	384	385	386	387	388	282	
390	391	392	393	394	395	389	383	384	385	386	387	388	283	248	249	250	251	252	253	284	
285	286	287	288	289	290	291	292	293	294	295	296	297	397	427	428	429	430	431	432	396	
434	435	436	437	438	439	433	427	428	429	430	431	432	397	292	293	294	295	296	297	398	
292	293	294	295	296	297	298	299	300	301	302	303	304	399	434	435	436	437	438	439	398	
441	442	443	444	445	446	440	434	435	436	437	438	439	399	299	300	301	302	303	304	400	
299	300	301	302	303	304	305	306	307	308	309	310	311	401	441	442	443	444	445	446	400	
448	449	450	451	452	453	447	441	442	443	444	445	446	401	306	307	308	309	310	311	402	
306	307	308	309	310	311	312	313	314	315	316	317	318	403	448	449	450	451	452	453	402	
455	456	457	458	459	460	454	448	449	450	451	452	453	403	313	314	315	316	317	318	404	
313	314	315	316	317	318	319	320	321	322	323	324	325	405	455	456	457	458	459	460	404	
462	463	464	465	466	467	461	455	456	457	458	459	460	405	320	321	322	323	324	325	406	
320	321	322	323	324	325	326	327	328	329	330	331	332	407	462	463	464	465	466	467	406	
469	470	471	472	473	474	468	462	463	464	465	466	467	407	327	328	329	330	331	332	408	
327	328	329	330	331	332	333	334	335	336	337	338	339	409	469	470	471	472	473	474	408	
476	477	478	479	480	481	475	469	470	471	472	473	474	409	334	335	336	337	338	339	410	
334	335	336	337	338	339	340	341	342	343	344	345	346	411	476	477	478	479	480	481	410	
483	484	485	486	487	488	482	476	477	478	479	480	481	411	341	342	343	344	345	346	412	
341	342	343	344	345	346	347	348	349	350	351	352	353	413	483	484	485	486	487	488	412	
490	491	492	493	494	495	489	483	484	485	486	487	488	413	348	349	350	351	352	353	414	
348	349	350	351	352	353	354	355	356	357	358	359	360	415	490	491	492	493	494	495	414	
497	498	499	500	501	502	496	490	491	492	493	494	495	415	355	356	357	358	359	360	416	
355	356	357	358	359	360	361	362	363	364	365	366	367	417	497	498	499	500	501	502	416	
504	505	506	507	508	509	503	497	498	499	500	501	502	417	362	363	364	365	366	367	418	
362	363	364	365	366	367	368	369	370	371	372	373	374	419	504	505	506	507	508	509	418	
511	512	513	514	515	516	510	504	505	506	507	508	509	419	369	370	371	372	373	374	420	
369	370	371	372	373	374	375	376	377	378	379	380	381	421	511	512	513	514	515	516	420	
518	519	520	521	522	523	517	511	512	513	514	515	516	421	376	377	378	379	380	381	422	
376	377	378	379	380	381	382	383	384	385	386	387	388	423	518	519	520	521	522	523	422	
525	526	527	528	529	530	524	518	519	520	521	522	523	423	383	384	385	386	387	388	424	
383	384	385	386	387	388	389	390	391	392	393	394	395	425	525	526	527	528	529	530	424	
532	533	534	535	536	537	531	525	526	527	528	529	530	425	390	391	392	393	394	395	426	
427	428	429	430	431	432	433	434	435	436	437	438	439	539	569	570	571	572	573	574	538	
576	577	578	579	580	581	575	569	570	571	572	573	574	539	434	435	436	437	438	439	540	
434	435	436	437	438	439	440	441	442	443	444	445	446	541	576	577	578	579	580	581	540	
583	584	585	586	587	588	582	576	577	578	579	580	581	541	441	442	443	444	445	446	542	
441	442	443	444	445	446	447	448	449	450	451	452	453	543	583	584	585	586	587	588	542	
590	591	592	593	594	595	589	583	584	585	586	587	588	543	448	449	450	451	452	453	544	
448	449	450	451	452	453	454	455	456	457	458	459	460	545	590	591	592	593	594	595	544	
597	598	599	600	601	602	596	590	591	592	593	594	595	545	455	456	457	458	459	460	546	
455	456	457	458	459	460	461	462	463	464	465	466	467	547	597	598	599	600	601	602	546	
604	605	606	607	608	609	603	597	598	599	600	601	602	547	462	463	464	465	466	467	548	
462	463	464	465	466	467	468	469	470	471	472	473	474	549	604	605	606	607	608	609	548	
611	612	613	614	615	616	610	604	605	606	607	608	609	549	469	470	471	472	473	474	550	
469	470	471	472	473	474	475	476	477	478	479	480	481	551	611	612	613	614	615	616	550	
618	619	620	621	622	623	617	611	612	613	614	615	616	551	476	477	478	479	480	481	552	
476	477	478	479	480	481	482	483	484	485	486	487	488	553	618	619	620	621	622	623	552	
625	626	627	628	629	630	624	618	619	620	621	622	623	553	483	484	485	486	487	488	554	
483	484	485	486	487	488	489	490	491	492	493	494	495	555	625	626	627	628	629	630	554	
632	633	634	635	636	637	631	625	626	627	628	629	630	555	490	491	492	493	494	495	556	
490	491	492	493	494	495	496	497	498	499	500	501	502	557	632	633	634	635	636	637	556	
639	640	641	642	643	644	638	632	633	634	635	636	637	557	497	498	499	500	501	502	558	
497	498	499	500	501	502	503	504	505	506	507	508	509	559	639	640	641	642	643	644	558	
646	647	648	649	650	651	645	639	640	641	642	643	644	559	504	505	506	507	508	509	560	
504	505	506	507	508	509	510	511	512	513	514	515	516	561	646	647	648	649	650	651	560	
653	654	655	656	657	658	652	646	647	648	649	650	651	561	511	512	513	514	515	516	562	
511	512	513	514	515	516	517	518	519	520	521	522	523	563	653	654	655	656	657	658	562	
660	661	662	663	664	665	659	653	654	655	656	657	658	563	518	519	520	521	522	523	564	
518	519	520	521	522	523	524	525	526	527	528	529	530	565	660	661	662	663	664	665	564	
667	668	669	670	671	672	666	660	661	662	663	664	665	565	525	526	527	528	529	530	566	
525	526	527	528	529	530	531	532	533	534	535	536	537	567	667	668	669	670	671	672	566	
674	675	676	677	678	679	673	667	668	669	670	671	672	567	532	533	534	535	536	537	568	
569	570	571	572	573	574	575	576	577	578	579	580	581	681	711	712	713	714	715	716	680	
718	719	720	721	722	723	717	711	712	713	714	715	716	681	576	577	578	579	580	581	682	
576	577	578	579	580	581	582	583	584	585	586	587	588	683	718	719	720	721	722	723	682	
725	726	727	728	729	730	724	718	719	720	721	722	723	683	583	584	585	586	587	588	684	
583	584	585	586	587	588	589	590	591	592	593	594	595	685	725	726	727	728	729	730	684	
732	733	734	735	736	737	731	725	726	727	728	729	730	685	590	591	592	593	594	595	686	
590	591	592	593	594	595	596	597	598	599	600	601	602	687	732	733	734	735	736	737	686	
739	740	741	742	743	744	738	732	733	734	735	736	737	687	597	598	599	600	601	602	688	
597	598	599	600	601	602	603	604	605	606	607	608	609	689	739	740	741	742	743	744	688	
746	747	748	749	750	751	745	739	740	741	742	743	744	689	604	605	606	607	608	609	690	
604	605	606	607	608	609	610	611	612	613	614	615	616	691	746	747	748	749	750	751	690	
753	754	755	756	757	758	752	746	747	748	749	750	751	691	611	612	613	614	615	616	692	
611	612	613	614	615	616	617	618	619	620	621	622	623	693	753	754	755	756	757	758	692	
760	761	762	763	764	765	759	753	754	755	756	757	758	693	618	619	620	621	622	623	694	
618	619	620	621	622	623	624	625	626	627	628	629	630	695	760	761	762	763	764	765	694	
767	768	769	770	771	772	766	760	761	762	763	764	765	695	625	626	627	628	629	630	696	
625	626	627	628	629	630	631	632	633	634	635	636	637	697	767	768	769	770	771	772	696	
774	775	776	777	778	779	773	767	768	769	770	771	772	697	632	633	634	635	636	637	698	
632	633	634	635	636	637	638	639	640	641	642	643	644	699	774	775	776	777	778	779	698	
781	782	783	784	785	786	780	774	775	776	777	778	779	699	639	640	641	642	643	644	700	
639	640	641	642	643	644	645	646	647	648	649	650	651	701	781	782	783	784	785	786	700	
788	789	790	791	792	793	787	781	782	783	784	785	786	701	646	647	648	649	650	651	702	
646	647	648	649	650	651	652	653	654	655	656	657	658	703	788	789	790	791	792	793	702	
795	796	797	798	799	800	794	788	789	790	791	792	793	703	653	654	655	656	657	658	704	
653	654	655	656	657	658	659	660	661	662	663	664	665	705	795	796	797	798	799	800	704	
802	803	804	805	806	807	801	795	796	797	798	799	800	705	660	661	662	663	664	665	706	
660	661	662	663	664	665	666	667	668	669	670	671	672	707	802	803	804	805	806	807	706	
809	810	811	812	813	814	808	802	803	804	805	806	807	707	667	668	669	670	671	672	708	
667	668	669	670	671	672	673	674	675	676	677	678	679	709	809	810	811	812	813	814	708	
816	817	818	819	820	821	815	809	810	811	812	813	814	709	674	675	676	677	678	679	710	
711	712	713	714	715	716	717	718	719	720	721	722	723	823	853	854	855	856	857	858	822	
860	861	862	863	864	865	859	853	854	855	856	857	858	823	718	719	720	721	722	723	824	
718	719	720	721	722	723	724	725	726	727	728	729	730	825	860	861	862	863	864	865	824	
867	868	869	870	871	872	866	860	861	862	863	864	865	825	725	726	727	728	729	730	826	
725	726	727	728	729	730	731	732	733	734	735	736	737	827	867	868	869	870	871	872	826	
874	875	876	877	878	879	873	867	868	869	870	871	872	827	732	733	734	735	736	737	828	
732	733	734	735	736	737	738	739	740	741	742	743	744	829	874	875	876	877	878	879	828	
881	882	883	884	885	886	880	874	875	876	877	878	879	829	739	740	741	742	743	744	830	
739	740	741	742	743	744	745	746	747	748	749	750	751	831	881	882	883	884	885	886	830	
888	889	890	891	892	893	887	881	882	883	884	885	886	831	746	747	748	749	750	751	832	
746	747	748	749	750	751	752	753	754	755	756	757	758	833	888	889	890	891	892	893	832	
895	896	897	898	899	900	894	888	889	890	891	892	893	833	753	754	755	756	757	758	834	
753	754	755	756	757	758	759	760	761	762	763	764	765	835	895	896	897	898	899	900	834	
902	903	904	905	906	907	901	895	896	897	898	899	900	835	760	761	762	763	764	765	836	
760	761	762	763	764	765	766	767	768	769	770	771	772	837	902	903	904	905	906	907	836	
909	910	911	912	913	914	908	902	903	904	905	906	907	837	767	768	769	770	771	772	838	
767	768	769	770	771	772	773	774	775	776	777	778	779	839	909	910	911	912	913	914	838	
916	917	918	919	920	921	915	909	910	911	912	913	914	839	774	775	776	777	778	779	840	
774	775	776	777	778	779	780	781	782	783	784	785	786	841	916	917	918	919	920	921	840	
923	924	925	926	927	928	922	916	917	918	919	920	921	841	781	782	783	784	785	786	842	
781	782	783	784	785	786	787	788	789	790	791	792	793	843	923	924	925	926	927	928	842	
930	931	932	933	934	935	929	923	924	925	926	927	928	843	788	789	790	791	792	793	844	
788	789	790	791	792	793	794	795	796	797	798	799	800	845	930	931	932	933	934	935	844	
937	938	939	940	941	942	936	930	931	932	933	934	935	845	795	796	797	798	799	800	846	
795	796	797	798	799	800	801	802	803	804	805	806	807	847	937	938	939	940	941	942	846	
944	945	946	947	948	949	943	937	938	939	940	941	942	847	802	803	804	805	806	807	848	
802	803	804	805	806	807	808	809	810	811	812	813	814	849	944	945	946	947	948	949	848	
951	952	953	954	955	956	950	944	945	946	947	948	949	849	809	810	811	812	813	814	850	
809	810	811	812	813	814	815	816	817	818	819	820	821	851	951	952	953	954	955	956	850	
958	959	960	961	962	963	957	951	952	953	954	955	956	851	816	817	818	819	820	821	852	
853	854	855	856	857	858	859	860	861	862	863	864	865	965	995	996	997	998	999	1000	964	
1002	1003	1004	1005	1006	1007	1001	995	996	997	998	999	1000	965	860	861	862	863	864	865	966	
860	861	862	863	864	865	866	867	868	869	870	871	872	967	1002	1003	1004	1005	1006	1007	966	
1009	1010	1011	1012	1013	1014	1008	1002	1003	1004	1005	1006	1007	967	867	868	869	870	871	872	968	
867	868	869	870	871	872	873	874	875	876	877	878	879	969	1009	1010	1011	1012	1013	1014	968	
1016	1017	1018	1019	1020	1021	1015	1009	1010	1011	1012	1013	1014	969	874	875	876	877	878	879	970	
874	875	876	877	878	879	880	881	882	883	884	885	886	971	1016	1017	1018	1019	1020	1021	970	
1023	1024	1025	1026	1027	1028	1022	1016	1017	1018	1019	1020	1021	971	881	882	883	884	885	886	972	
881	882	883	884	885	886	887	888	889	890	891	892	893	973	1023	1024	1025	1026	1027	1028	972	
1030	1031	1032	1033	1034	1035	1029	1023	1024	1025	1026	1027	1028	973	888	889	890	891	892	893	974	
888	889	890	891	892	893	894	895	896	897	898	899	900	975	1030	1031	1032	1033	1034	1035	974	
1037	1038	1039	1040	1041	1042	1036	1030	1031	1032	1033	1034	1035	975	895	896	897	898	899	900	976	
895	896	897	898	899	900	901	902	903	904	905	906	907	977	1037	1038	1039	1040	1041	1042	976	
1044	1045	1046	1047	1048	1049	1043	1037	1038	1039	1040	1041	1042	977	902	903	904	905	906	907	978	
902	903	904	905	906	907	908	909	910	911	912	913	914	979	1044	1045	1046	1047	1048	1049	978	
1051	1052	1053	1054	1055	1056	1050	1044	1045	1046	1047	1048	1049	979	909	910	911	912	913	914	980	
909	910	911	912	913	914	915	916	917	918	919	920	921	981	1051	1052	1053	1054	1055	1056	980	
1058	1059	1060	1061	1062	1063	1057	1051	1052	1053	1054	1055	1056	981	916	917	918	919	920	921	982	
916	917	918	919	920	921	922	923	924	925	926	927	928	983	1058	1059	1060	1061	1062	1063	982	
1065	1066	1067	1068	1069	1070	1064	1058	1059	1060	1061	1062	1063	983	923	924	925	926	927	928	984	
923	924	925	926	927	928	929	930	931	932	933	934	935	985	1065	1066	1067	1068	1069	1070	984	
1072	1073	1074	1075	1076	1077	1071	1065	1066	1067	1068	1069	1070	985	930	931	932	933	934	935	986	
930	931	932	933	934	935	936	937	938	939	940	941	942	987	1072	1073	1074	1075	1076	1077	986	
1079	1080	1081	1082	1083	1084	1078	1072	1073	1074	1075	1076	1077	987	937	938	939	940	941	942	988	
937	938	939	940	941	942	943	944	945	946	947	948	949	989	1079	1080	1081	1082	1083	1084	988	
1086	1087	1088	1089	1090	1091	1085	1079	1080	1081	1082	1083	1084	989	944	945	946	947	948	949	990	
944	945	946	947	948	949	950	951	952	953	954	955	956	991	1086	1087	1088	1089	1090	1091	990	
1093	1094	1095	1096	1097	1098	1092	1086	1087	1088	1089	1090	1091	991	951	952	953	954	955	956	992	
951	952	953	954	955	956	957	958	959	960	961	962	963	993	1093	1094	1095	1096	1097	1098	992	
1100	1101	1102	1103	1104	1105	1099	1093	1094	1095	1096	1097	1098	993	958	959	960	961	962	963	994	
995	996	997	998	999	1000	1001	1002	1003	1004	1005	1006	1007	1107	1137	1138	1139	1140	1141	1142	1106	
1144	1145	1146	1147	1148	1149	1143	1137	1138	1139	1140	1141	1142	1107	1002	1003	1004	1005	1006	1007	1108	
1002	1003	1004	1005	1006	1007	1008	1009	1010	1011	1012	1013	1014	1109	1144	1145	1146	1147	1148	1149	1108	
1151	1152	1153	1154	1155	1156	1150	1144	1145	1146	1147	1148	1149	1109	1009	1010	1011	1012	1013	1014	1110	
1009	1010	1011	1012	1013	1014	1015	1016	1017	1018	1019	1020	1021	1111	1151	1152	1153	1154	1155	1156	1110	
1158	1159	1160	1161	1162	1163	1157	1151	1152	1153	1154	1155	1156	1111	1016	1017	1018	1019	1020	1021	1112	
1016	1017	1018	1019	1020	1021	1022	1023	1024	1025	1026	1027	1028	1113	1158	1159	1160	1161	1162	1163	1112	
1165	1166	1167	1168	1169	1170	1164	1158	1159	1160	1161	1162	1163	1113	1023	1024	1025	1026	1027	1028	1114	
1023	1024	1025	1026	1027	1028	1029	1030	1031	1032	1033	1034	1035	1115	1165	1166	1167	1168	1169	1170	1114	
1172	1173	1174	1175	1176	1177	1171	1165	1166	1167	1168	1169	1170	1115	1030	1031	1032	1033	1034	1035	1116	
1030	1031	1032	1033	1034	1035	1036	1037	1038	1039	1040	1041	1042	1117	1172	1173	1174	1175	1176	1177	1116	
1179	1180	1181	1182	1183	1184	1178	1172	1173	1174	1175	1176	1177	1117	1037	1038	1039	1040	1041	1042	1118	
1037	1038	1039	1040	1041	1042	1043	1044	1045	1046	1047	1048	1049	1119	1179	1180	1181	1182	1183	1184	1118	
1186	1187	1188	1189	1190	1191	1185	1179	1180	1181	1182	1183	1184	1119	1044	1045	1046	1047	1048	1049	1120	
1044	1045	1046	1047	1048	1049	1050	1051	1052	1053	1054	1055	1056	1121	1186	1187	1188	1189	1190	1191	1120	
1193	1194	1195	1196	1197	1198	1192	1186	1187	1188	1189	1190	1191	1121	1051	1052	1053	1054	1055	1056	1122	
1051	1052	1053	1054	1055	1056	1057	1058	1059	1060	1061	1062	1063	1123	1193	1194	1195	1196	1197	1198	1122	
1200	1201	1202	1203	1204	1205	1199	1193	1194	1195	1196	1197	1198	1123	1058	1059	1060	1061	1062	1063	1124	
1058	1059	1060	1061	1062	1063	1064	1065	1066	1067	1068	1069	1070	1125	1200	1201	1202	1203	1204	1205	1124	
1207	1208	1209	1210	1211	1212	1206	1200	1201	1202	1203	1204	1205	1125	1065	1066	1067	1068	1069	1070	1126	
1065	1066	1067	1068	1069	1070	1071	1072	1073	1074	1075	1076	1077	1127	1207	1208	1209	1210	1211	1212	1126	
1214	1215	1216	1217	1218	1219	1213	1207	1208	1209	1210	1211	1212	1127	1072	1073	1074	1075	1076	1077	1128	
1072	1073	1074	1075	1076	1077	1078	1079	1080	1081	1082	1083	1084	1129	1214	1215	1216	1217	1218	1219	1128	
1221	1222	1223	1224	1225	1226	1220	1214	1215	1216	1217	1218	1219	1129	1079	1080	1081	1082	1083	1084	1130	
1079	1080	1081	1082	1083	1084	1085	1086	1087	1088	1089	1090	1091	1131	1221	1222	1223	1224	1225	1226	1130	
1228	1229	1230	1231	1232	1233	1227	1221	1222	1223	1224	1225	1226	1131	1086	1087	1088	1089	1090	1091	1132	
1086	1087	1088	1089	1090	1091	1092	1093	1094	1095	1096	1097	1098	1133	1228	1229	1230	1231	1232	1233	1132	
1235	1236	1237	1238	1239	1240	1234	1228	1229	1230	1231	1232	1233	1133	1093	1094	1095	1096	1097	1098	1134	
1093	1094	1095	1096	1097	1098	1099	1100	1101	1102	1103	1104	1105	1135	1235	1236	1237	1238	1239	1240	1134	
1242	1243	1244	1245	1246	1247	1241	1235	1236	1237	1238	1239	1240	1135	1100	1101	1102	1103	1104	1105	1136	
1137	1138	1139	1140	1141	1142	1143	1144	1145	1146	1147	1148	1149	1249	1279	1280	1281	1282	1283	1284	1248	
1286	1287	1288	1289	1290	1291	1285	1279	1280	1281	1282	1283	1284	1249	1144	1145	1146	1147	1148	1149	1250	
1144	1145	1146	1147	1148	1149	1150	1151	1152	1153	1154	1155	1156	1251	1286	1287	1288	1289	1290	1291	1250	
1293	1294	1295	1296	1297	1298	1292	1286	1287	1288	1289	1290	1291	1251	1151	1152	1153	1154	1155	1156	1252	
1151	1152	1153	1154	1155	1156	1157	1158	1159	1160	1161	1162	1163	1253	1293	1294	1295	1296	1297	1298	1252	
1300	1301	1302	1303	1304	1305	1299	1293	1294	1295	1296	1297	1298	1253	1158	1159	1160	1161	1162	1163	1254	
1158	1159	1160	1161	1162	1163	1164	1165	1166	1167	1168	1169	1170	1255	1300	1301	1302	1303	1304	1305	1254	
1307	1308	1309	1310	1311	1312	1306	1300	1301	1302	1303	1304	1305	1255	1165	1166	1167	1168	1169	1170	1256	
1165	1166	1167	1168	1169	1170	1171	1172	1173	1174	1175	1176	1177	1257	1307	1308	1309	1310	1311	1312	1256	
1314	1315	1316	1317	1318	1319	1313	1307	1308	1309	1310	1311	1312	1257	1172	1173	1174	1175	1176	1177	1258	
1172	1173	1174	1175	1176	1177	1178	1179	1180	1181	1182	1183	1184	1259	1314	1315	1316	1317	1318	1319	1258	
1321	1322	1323	1324	1325	1326	1320	1314	1315	1316	1317	1318	1319	1259	1179	1180	1181	1182	1183	1184	1260	
1179	1180	1181	1182	1183	1184	1185	1186	1187	1188	1189	1190	1191	1261	1321	1322	1323	1324	1325	1326	1260	
1328	1329	1330	1331	1332	1333	1327	1321	1322	1323	1324	1325	1326	1261	1186	1187	1188	1189	1190	1191	1262	
1186	1187	1188	1189	1190	1191	1192	1193	1194	1195	1196	1197	1198	1263	1328	1329	1330	1331	1332	1333	1262	
1335	1336	1337	1338	1339	1340	1334	1328	1329	1330	1331	1332	1333	1263	1193	1194	1195	1196	1197	1198	1264	
1193	1194	1195	1196	1197	1198	1199	1200	1201	1202	1203	1204	1205	1265	1335	1336	1337	1338	1339	1340	1264	
1342	1343	1344	1345	1346	1347	1341	1335	1336	1337	1338	1339	1340	1265	1200	1201	1202	1203	1204	1205	1266	
1200	1201	1202	1203	1204	1205	1206	1207	1208	1209	1210	1211	1212	1267	1342	1343	1344	1345	1346	1347	1266	
1349	1350	1351	1352	1353	1354	1348	1342	1343	1344	1345	1346	1347	1267	1207	1208	1209	1210	1211	1212	1268	
1207	1208	1209	1210	1211	1212	1213	1214	1215	1216	1217	1218	1219	1269	1349	1350	1351	1352	1353	1354	1268	
1356	1357	1358	1359	1360	1361	1355	1349	1350	1351	1352	1353	1354	1269	1214	1215	1216	1217	1218	1219	1270	
1214	1215	1216	1217	1218	1219	1220	1221	1222	1223	1224	1225	1226	1271	1356	1357	1358	1359	1360	1361	1270	
1363	1364	1365	1366	1367	1368	1362	1356	1357	1358	1359	1360	1361	1271	1221	1222	1223	1224	1225	1226	1272	
1221	1222	1223	1224	1225	1226	1227	1228	1229	1230	1231	1232	1233	1273	1363	1364	1365	1366	1367	1368	1272	
1370	1371	1372	1373	1374	1375	1369	1363	1364	1365	1366	1367	1368	1273	1228	1229	1230	1231	1232	1233	1274	
1228	1229	1230	1231	1232	1233	1234	1235	1236	1237	1238	1239	1240	1275	1370	1371	1372	1373	1374	1375	1274	
1377	1378	1379	1380	1381	1382	1376	1370	1371	1372	1373	1374	1375	1275	1235	1236	1237	1238	1239	1240	1276	
1235	1236	1237	1238	1239	1240	1241	1242	1243	1244	1245	1246	1247	1277	1377	1378	1379	1380	1381	1382	1276	
1384	1385	1386	1387	1388	1389	1383	1377	1378	1379	1380	1381	1382	1277	1242	1243	1244	1245	1246	1247	1278	
1279	1280	1281	1282	1283	1284	1285	1286	1287	1288	1289	1290	1291	1391	1421	1422	1423	1424	1425	1426	1390	
1428	1429	1430	1431	1432	1433	1427	1421	1422	1423	1424	1425	1426	1391	1286	1287	1288	1289	1290	1291	1392	
1286	1287	1288	1289	1290	1291	1292	1293	1294	1295	1296	1297	1298	1393	1428	1429	1430	1431	1432	1433	1392	
1435	1436	1437	1438	1439	1440	1434	1428	1429	1430	1431	1432	1433	1393	1293	1294	1295	1296	1297	1298	1394	
1293	1294	1295	1296	1297	1298	1299	1300	1301	1302	1303	1304	1305	1395	1435	1436	1437	1438	1439	1440	1394	
1442	1443	1444	1445	1446	1447	1441	1435	1436	1437	1438	1439	1440	1395	1300	1301	1302	1303	1304	1305	1396	
1300	1301	1302	1303	1304	1305	1306	1307	1308	1309	1310	1311	1312	1397	1442	1443	1444	1445	1446	1447	1396	
1449	1450	1451	1452	1453	1454	1448	1442	1443	1444	1445	1446	1447	1397	1307	1308	1309	1310	1311	1312	1398	
1307	1308	1309	1310	1311	1312	1313	1314	1315	1316	1317	1318	1319	1399	1449	1450	1451	1452	1453	1454	1398	
1456	1457	1458	1459	1460	1461	1455	1449	1450	1451	1452	1453	1454	1399	1314	1315	1316	1317	1318	1319	1400	
1314	1315	1316	1317	1318	1319	1320	1321	1322	1323	1324	1325	1326	1401	1456	1457	1458	1459	1460	1461	1400	
1463	1464	1465	1466	1467	1468	1462	1456	1457	1458	1459	1460	1461	1401	1321	1322	1323	1324	1325	1326	1402	
1321	1322	1323	1324	1325	1326	1327	1328	1329	1330	1331	1332	1333	1403	1463	1464	1465	1466	1467	1468	1402	
1470	1471	1472	1473	1474	1475	1469	1463	1464	1465	1466	1467	1468	1403	1328	1329	1330	1331	1332	1333	1404	
1328	1329	1330	1331	1332	1333	1334	1335	1336	1337	1338	1339	1340	1405	1470	1471	1472	1473	1474	1475	1404	
1477	1478	1479	1480	1481	1482	1476	1470	1471	1472	1473	1474	1475	1405	1335	1336	1337	1338	1339	1340	1406	
1335	1336	1337	1338	1339	1340	1341	1342	1343	1344	1345	1346	1347	1407	1477	1478	1479	1480	1481	1482	1406	
1484	1485	1486	1487	1488	1489	1483	1477	1478	1479	1480	1481	1482	1407	1342	1343	1344	1345	1346	1347	1408	
1342	1343	1344	1345	1346	1347	1348	1349	1350	1351	1352	1353	1354	1409	1484	1485	1486	1487	1488	1489	1408	
1491	1492	1493	1494	1495	1496	1490	1484	1485	1486	1487	1488	1489	1409	1349	1350	1351	1352	1353	1354	1410	
1349	1350	1351	1352	1353	1354	1355	1356	1357	1358	1359	1360	1361	1411	1491	1492	1493	1494	1495	1496	1410	
1498	1499	1500	1501	1502	1503	1497	1491	1492	1493	1494	1495	1496	1411	1356	1357	1358	1359	1360	1361	1412	
1356	1357	1358	1359	1360	1361	1362	1363	1364	1365	1366	1367	1368	1413	1498	1499	1500	1501	1502	1503	1412	
1505	1506	1507	1508	1509	1510	1504	1498	1499	1500	1501	1502	1503	1413	1363	1364	1365	1366	1367	1368	1414	
1363	1364	1365	1366	1367	1368	1369	1370	1371	1372	1373	1374	1375	1415	1505	1506	1507	1508	1509	1510	1414	
1512	1513	1514	1515	1516	1517	1511	1505	1506	1507	1508	1509	1510	1415	1370	1371	1372	1373	1374	1375	1416	
1370	1371	1372	1373	1374	1375	1376	1377	1378	1379	1380	1381	1382	1417	1512	1513	1514	1515	1516	1517	1416	
1519	1520	1521	1522	1523	1524	1518	1512	1513	1514	1515	1516	1517	1417	1377	1378	1379	1380	1381	1382	1418	
1377	1378	1379	1380	1381	1382	1383	1384	1385	1386	1387	1388	1389	1419	1519	1520	1521	1522	1523	1524	1418	
1526	1527	1528	1529	1530	1531	1525	1519	1520	1521	1522	1523	1524	1419	1384	1385	1386	1387	1388	1389	1420	
1421	1422	1423	1424	1425	1426	1427	1428	1429	1430	1431	1432	1433	1533	1563	1564	1565	1566	1567	1568	1532	
1570	1571	1572	1573	1574	1575	1569	1563	1564	1565	1566	1567	1568	1533	1428	1429	1430	1431	1432	1433	1534	
1428	1429	1430	1431	1432	1433	1434	1435	1436	1437	1438	1439	1440	1535	1570	1571	1572	1573	1574	1575	1534	
1577	1578	1579	1580	1581	1582	1576	1570	1571	1572	1573	1574	1575	1535	1435	1436	1437	1438	1439	1440	1536	
1435	1436	1437	1438	1439	1440	1441	1442	1443	1444	1445	1446	1447	1537	1577	1578	1579	1580	1581	1582	1536	
1584	1585	1586	1587	1588	1589	1583	1577	1578	1579	1580	1581	1582	1537	1442	1443	1444	1445	1446	1447	1538	
1442	1443	1444	1445	1446	1447	1448	1449	1450	1451	1452	1453	1454	1539	1584	1585	1586	1587	1588	1589	1538	
1591	1592	1593	1594	1595	1596	1590	1584	1585	1586	1587	1588	1589	1539	1449	1450	1451	1452	1453	1454	1540	
1449	1450	1451	1452	1453	1454	1455	1456	1457	1458	1459	1460	1461	1541	1591	1592	1593	1594	1595	1596	1540	
1598	1599	1600	1601	1602	1603	1597	1591	1592	1593	1594	1595	1596	1541	1456	1457	1458	1459	1460	1461	1542	
1456	1457	1458	1459	1460	1461	1462	1463	1464	1465	1466	1467	1468	1543	1598	1599	1600	1601	1602	1603	1542	
1605	1606	1607	1608	1609	1610	1604	1598	1599	1600	1601	1602	1603	1543	1463	1464	1465	1466	1467	1468	1544	
1463	1464	1465	1466	1467	1468	1469	1470	1471	1472	1473	1474	1475	1545	1605	1606	1607	1608	1609	1610	1544	
1612	1613	1614	1615	1616	1617	1611	1605	1606	1607	1608	1609	1610	1545	1470	1471	1472	1473	1474	1475	1546	
1470	1471	1472	1473	1474	1475	1476	1477	1478	1479	1480	1481	1482	1547	1612	1613	1614	1615	1616	1617	1546	
1619	1620	1621	1622	1623	1624	1618	1612	1613	1614	1615	1616	1617	1547	1477	1478	1479	1480	1481	1482	1548	
1477	1478	1479	1480	1481	1482	1483	1484	1485	1486	1487	1488	1489	1549	1619	1620	1621	1622	1623	1624	1548	
1626	1627	1628	1629	1630	1631	1625	1619	1620	1621	1622	1623	1624	1549	1484	1485	1486	1487	1488	1489	1550	
1484	1485	1486	1487	1488	1489	1490	1491	1492	1493	1494	1495	1496	1551	1626	1627	1628	1629	1630	1631	1550	
1633	1634	1635	1636	1637	1638	1632	1626	1627	1628	1629	1630	1631	1551	1491	1492	1493	1494	1495	1496	1552	
1491	1492	1493	1494	1495	1496	1497	1498	1499	1500	1501	1502	1503	1553	1633	1634	1635	1636	1637	1638	1552	
1640	1641	1642	1643	1644	1645	1639	1633	1634	1635	1636	1637	1638	1553	1498	1499	1500	1501	1502	1503	1554	
1498	1499	1500	1501	1502	1503	1504	1505	1506	1507	1508	1509	1510	1555	1640	1641	1642	1643	1644	1645	1554	
1647	1648	1649	1650	1651	1652	1646	1640	1641	1642	1643	1644	1645	1555	1505	1506	1507	1508	1509	1510	1556	
1505	1506	1507	1508	1509	1510	1511	1512	1513	1514	1515	1516	1517	1557	1647	1648	1649	1650	1651	1652	1556	
1654	1655	1656	1657	1658	1659	1653	1647	1648	1649	1650	1651	1652	1557	1512	1513	1514	1515	1516	1517	1558	
1512	1513	1514	1515	1516	1517	1518	1519	1520	1521	1522	1523	1524	1559	1654	1655	1656	1657	1658	1659	1558	
1661	1662	1663	1664	1665	1666	1660	1654	1655	1656	1657	1658	1659	1559	1519	1520	1521	1522	1523	1524	1560	
1519	1520	1521	1522	1523	1524	1525	1526	1527	1528	1529	1530	1531	1561	1661	1662	1663	1664	1665	1666	1560	
1668	1669	1670	1671	1672	1673	1667	1661	1662	1663	1664	1665	1666	1561	1526	1527	1528	1529	1530	1531	1562	
1563	1564	1565	1566	1567	1568	1569	1570	1571	1572	1573	1574	1575	1675	1705	1706	1707	1708	1709	1710	1674	
1712	1713	1714	1715	1716	1717	1711	1705	1706	1707	1708	1709	1710	1675	1570	1571	1572	1573	1574	1575	1676	
1570	1571	1572	1573	1574	1575	1576	1577	1578	1579	1580	1581	1582	1677	1712	1713	1714	1715	1716	1717	1676	
1719	1720	1721	1722	1723	1724	1718	1712	1713	1714	1715	1716	1717	1677	1577	1578	1579	1580	1581	1582	1678	
1577	1578	1579	1580	1581	1582	1583	1584	1585	1586	1587	1588	1589	1679	1719	1720	1721	1722	1723	1724	1678	
1726	1727	1728	1729	1730	1731	1725	1719	1720	1721	1722	1723	1724	1679	1584	1585	1586	1587	1588	1589	1680	
1584	1585	1586	1587	1588	1589	1590	1591	1592	1593	1594	1595	1596	1681	1726	1727	1728	1729	1730	1731	1680	
1733	1734	1735	1736	1737	1738	1732	1726	1727	1728	1729	1730	1731	1681	1591	1592	1593	1594	1595	1596	1682	
1591	1592	1593	1594	1595	1596	1597	1598	1599	1600	1601	1602	1603	1683	1733	1734	1735	1736	1737	1738	1682	
1740	1741	1742	1743	1744	1745	1739	1733	1734	1735	1736	1737	1738	1683	1598	1599	1600	1601	1602	1603	1684	
1598	1599	1600	1601	1602	1603	1604	1605	1606	1607	1608	1609	1610	1685	1740	1741	1742	1743	1744	1745	1684	
1747	1748	1749	1750	1751	1752	1746	1740	1741	1742	1743	1744	1745	1685	1605	1606	1607	1608	1609	1610	1686	
1605	1606	1607	1608	1609	1610	1611	1612	1613	1614	1615	1616	1617	1687	1747	1748	1749	1750	1751	1752	1686	
1754	1755	1756	1757	1758	1759	1753	1747	1748	1749	1750	1751	1752	1687	1612	1613	1614	1615	1616	1617	1688	
1612	1613	1614	1615	1616	1617	1618	1619	1620	1621	1622	1623	1624	1689	1754	1755	1756	1757	1758	1759	1688	
1761	1762	1763	1764	1765	1766	1760	1754	1755	1756	1757	1758	1759	1689	1619	1620	1621	1622	1623	1624	1690	
1619	1620	1621	1622	1623	1624	1625	1626	1627	1628	1629	1630	1631	1691	1761	1762	1763	1764	1765	1766	1690	
1768	1769	1770	1771	1772	1773	1767	1761	1762	1763	1764	1765	1766	1691	1626	1627	1628	1629	1630	1631	1692	
1626	1627	1628	1629	1630	1631	1632	1633	1634	1635	1636	1637	1638	1693	1768	1769	1770	1771	1772	1773	1692	
1775	1776	1777	1778	1779	1780	1774	1768	1769	1770	1771	1772	1773	1693	1633	1634	1635	1636	1637	1638	1694	
1633	1634	1635	1636	1637	1638	1639	1640	1641	1642	1643	1644	1645	1695	1775	1776	1777	1778	1779	1780	1694	
1782	1783	1784	1785	1786	1787	1781	1775	1776	1777	1778	1779	1780	1695	1640	1641	1642	1643	1644	1645	1696	
1640	1641	1642	1643	1644	1645	1646	1647	1648	1649	1650	1651	1652	1697	1782	1783	1784	1785	1786	1787	1696	
1789	1790	1791	1792	1793	1794	1788	1782	1783	1784	1785	1786	1787	1697	1647	1648	1649	1650	1651	1652	1698	
1647	1648	1649	1650	1651	1652	1653	1654	1655	1656	1657	1658	1659	1699	1789	1790	1791	1792	1793	1794	1698	
1796	1797	1798	1799	1800	1801	1795	1789	1790	1791	1792	1793	1794	1699	1654	1655	1656	1657	1658	1659	1700	
1654	1655	1656	1657	1658	1659	1660	1661	1662	1663	1664	1665	1666	1701	1796	1797	1798	1799	1800	1801	1700	
1803	1804	1805	1806	1807	1808	1802	1796	1797	1798	1799	1800	1801	1701	1661	1662	1663	1664	1665	1666	1702	
1661	1662	1663	1664	1665	1666	1667	1668	1669	1670	1671	1672	1673	1703	1803	1804	1805	1806	1807	1808	1702	
1810	1811	1812	1813	1814	1815	1809	1803	1804	1805	1806	1807	1808	1703	1668	1669	1670	1671	1672	1673	1704	
1705	1706	1707	1708	1709	1710	1711	1712	1713	1714	1715	1716	1717	1817	1847	1848	1849	1850	1851	1852	1816	
1854	1855	1856	1857	1858	1859	1853	1847	1848	1849	1850	1851	1852	1817	1712	1713	1714	1715	1716	1717	1818	
1712	1713	1714	1715	1716	1717	1718	1719	1720	1721	1722	1723	1724	1819	1854	1855	1856	1857	1858	1859	1818	
1861	1862	1863	1864	1865	1866	1860	1854	1855	1856	1857	1858	1859	1819	1719	1720	1721	1722	1723	1724	1820	
1719	1720	1721	1722	1723	1724	1725	1726	1727	1728	1729	1730	1731	1821	1861	1862	1863	1864	1865	1866	1820	
1868	1869	1870	1871	1872	1873	1867	1861	1862	1863	1864	1865	1866	1821	1726	1727	1728	1729	1730	1731	1822	
1726	1727	1728	1729	1730	1731	1732	1733	1734	1735	1736	1737	1738	1823	1868	1869	1870	1871	1872	1873	1822	
1875	1876	1877	1878	1879	1880	1874	1868	1869	1870	1871	1872	1873	1823	1733	1734	1735	1736	1737	1738	1824	
1733	1734	1735	1736	1737	1738	1739	1740	1741	1742	1743	1744	1745	1825	1875	1876	1877	1878	1879	1880	1824	
1882	1883	1884	1885	1886	1887	1881	1875	1876	1877	1878	1879	1880	1825	1740	1741	1742	1743	1744	1745	1826	
1740	1741	1742	1743	1744	1745	1746	1747	1748	1749	1750	1751	1752	1827	1882	1883	1884	1885	1886	1887	1826	
1889	1890	1891	1892	1893	1894	1888	1882	1883	1884	1885	1886	1887	1827	1747	1748	1749	1750	1751	1752	1828	
1747	1748	1749	1750	1751	1752	1753	1754	1755	1756	1757	1758	1759	1829	1889	1890	1891	1892	1893	1894	1828	
1896	1897	1898	1899	1900	1901	1895	1889	1890	1891	1892	1893	1894	1829	1754	1755	1756	1757	1758	1759	1830	
1754	1755	1756	1757	1758	1759	1760	1761	1762	1763	1764	1765	1766	1831	1896	1897	1898	1899	1900	1901	1830	
1903	1904	1905	1906	1907	1908	1902	1896	1897	1898	1899	1900	1901	1831	1761	1762	1763	1764	1765	1766	1832	
1761	1762	1763	1764	1765	1766	1767	1768	1769	1770	1771	1772	1773	1833	1903	1904	1905	1906	1907	1908	1832	
1910	1911	1912	1913	1914	1915	1909	1903	1904	1905	1906	1907	1908	1833	1768	1769	1770	1771	1772	1773	1834	
1768	1769	1770	1771	1772	1773	1774	1775	1776	1777	1778	1779	1780	1835	1910	1911	1912	1913	1914	1915	1834	
1917	1918	1919	1920	1921	1922	1916	1910	1911	1912	1913	1914	1915	1835	1775	1776	1777	1778	1779	1780	1836	
1775	1776	1777	1778	1779	1780	1781	1782	1783	1784	1785	1786	1787	1837	1917	1918	1919	1920	1921	1922	1836	
1924	1925	1926	1927	1928	1929	1923	1917	1918	1919	1920	1921	1922	1837	1782	1783	1784	1785	1786	1787	1838	
1782	1783	1784	1785	1786	1787	1788	1789	1790	1791	1792	1793	1794	1839	1924	1925	1926	1927	1928	1929	1838	
1931	1932	1933	1934	1935	1936	1930	1924	1925	1926	1927	1928	1929	1839	1789	1790	1791	1792	1793	1794	1840	
1789	1790	1791	1792	1793	1794	1795	1796	1797	1798	1799	1800	1801	1841	1931	1932	1933	1934	1935	1936	1840	
1938	1939	1940	1941	1942	1943	1937	1931	1932	1933	1934	1935	1936	1841	1796	1797	1798	1799	1800	1801	1842	
1796	1797	1798	1799	1800	1801	1802	1803	1804	1805	1806	1807	1808	1843	1938	1939	1940	1941	1942	1943	1842	
1945	1946	1947	1948	1949	1950	1944	1938	1939	1940	1941	1942	1943	1843	1803	1804	1805	1806	1807	1808	1844	
1803	1804	1805	1806	1807	1808	1809	1810	1811	1812	1813	1814	1815	1845	1945	1946	1947	1948	1949	1950	1844	
1952	1953	1954	1955	1956	1957	1951	1945	1946	1947	1948	1949	1950	1845	1810	1811	1812	1813	1814	1815	1846	
1847	1848	1849	1850	1851	1852	1853	1854	1855	1856	1857	1858	1859	1959	1989	1990	1991	1992	1993	1994	1958	
1996	1997	1998	1999	2000	2001	1995	1989	1990	1991	1992	1993	1994	1959	1854	1855	1856	1857	1858	1859	1960	
1854	1855	1856	1857	1858	1859	1860	1861	1862	1863	1864	1865	1866	1961	1996	1997	1998	1999	2000	2001	1960	
2003	2004	2005	2006	2007	2008	2002	1996	1997	1998	1999	2000	2001	1961	1861	1862	1863	1864	1865	1866	1962	
1861	1862	1863	1864	1865	1866	1867	1868	1869	1870	1871	1872	1873	1963	2003	2004	2005	2006	2007	2008	1962	
2010	2011	2012	2013	2014	2015	2009	2003	2004	2005	2006	2007	2008	1963	1868	1869	1870	1871	1872	1873	1964	
1868	1869	1870	1871	1872	1873	1874	1875	1876	1877	1878	1879	1880	1965	2010	2011	2012	2013	2014	2015	1964	
2017	2018	2019	2020	2021	2022	2016	2010	2011	2012	2013	2014	2015	1965	1875	1876	1877	1878	1879	1880	1966	
1875	1876	1877	1878	1879	1880	1881	1882	1883	1884	1885	1886	1887	1967	2017	2018	2019	2020	2021	2022	1966	
2024	2025	2026	2027	2028	2029	2023	2017	2018	2019	2020	2021	2022	1967	1882	1883	1884	1885	1886	1887	1968	
1882	1883	1884	1885	1886	1887	1888	1889	1890	1891	1892	1893	1894	1969	2024	2025	2026	2027	2028	2029	1968	
2031	2032	2033	2034	2035	2036	2030	2024	2025	2026	2027	2028	2029	1969	1889	1890	1891	1892	1893	1894	1970	
1889	1890	1891	1892	1893	1894	1895	1896	1897	1898	1899	1900	1901	1971	2031	2032	2033	2034	2035	2036	1970	
2038	2039	2040	2041	2042	2043	2037	2031	2032	2033	2034	2035	2036	1971	1896	1897	1898	1899	1900	1901	1972	
1896	1897	1898	1899	1900	1901	1902	1903	1904	1905	1906	1907	1908	1973	2038	2039	2040	2041	2042	2043	1972	
2045	2046	2047	2048	2049	2050	2044	2038	2039	2040	2041	2042	2043	1973	1903	1904	1905	1906	1907	1908	1974	
1903	1904	1905	1906	1907	1908	1909	1910	1911	1912	1913	1914	1915	1975	2045	2046	2047	2048	2049	2050	1974	
2052	2053	2054	2055	2056	2057	2051	2045	2046	2047	2048	2049	2050	1975	1910	1911	1912	1913	1914	1915	1976	
1910	1911	1912	1913	1914	1915	1916	1917	1918	1919	1920	1921	1922	1977	2052	2053	2054	2055	2056	2057	1976	
2059	2060	2061	2062	2063	2064	2058	2052	2053	2054	2055	2056	2057	1977	1917	1918	1919	1920	1921	1922	1978	
1917	1918	1919	1920	1921	1922	1923	1924	1925	1926	1927	1928	1929	1979	2059	2060	2061	2062	2063	2064	1978	
2066	2067	2068	2069	2070	2071	2065	2059	2060	2061	2062	2063	2064	1979	1924	1925	1926	1927	1928	1929	1980	
1924	1925	1926	1927	1928	1929	1930	1931	1932	1933	1934	1935	1936	1981	2066	2067	2068	2069	2070	2071	1980	
2073	2074	2075	2076	2077	2078	2072	2066	2067	2068	2069	2070	2071	1981	1931	1932	1933	1934	1935	1936	1982	
1931	1932	1933	1934	1935	1936	1937	1938	1939	1940	1941	1942	1943	1983	2073	2074	2075	2076	2077	2078	1982	
2080	2081	2082	2083	2084	2085	2079	2073	2074	2075	2076	2077	2078	1983	1938	1939	1940	1941	1942	1943	1984	
1938	1939	1940	1941	1942	1943	1944	1945	1946	1947	1948	1949	1950	1985	2080	2081	2082	2083	2084	2085	1984	
2087	2088	2089	2090	2091	2092	2086	2080	2081	2082	2083	2084	2085	1985	1945	1946	1947	1948	1949	1950	1986	
1945	1946	1947	1948	1949	1950	1951	1952	1953	1954	1955	1956	1957	1987	2087	2088	2089	2090	2091	2092	1986	
2094	2095	2096	2097	2098	2099	2093	2087	2088	2089	2090	2091	2092	1987	1952	1953	1954	1955	1956	1957	1988	
1989	1990	1991	1992	1993	1994	1995	1996	1997	1998	1999	2000	2001	2101	2131	2132	2133	2134	2135	2136	2100	
2138	2139	2140	2141	2142	2143	2137	2131	2132	2133	2134	2135	2136	2101	1996	1997	1998	1999	2000	2001	2102	
1996	1997	1998	1999	2000	2001	2002	2003	2004	2005	2006	2007	2008	2103	2138	2139	2140	2141	2142	2143	2102	
2145	2146	2147	2148	2149	2150	2144	2138	2139	2140	2141	2142	2143	2103	2003	2004	2005	2006	2007	2008	2104	
2003	2004	2005	2006	2007	2008	2009	2010	2011	2012	2013	2014	2015	2105	2145	2146	2147	2148	2149	2150	2104	
2152	2153	2154	2155	2156	2157	2151	2145	2146	2147	2148	2149	2150	2105	2010	2011	2012	2013	2014	2015	2106	
2010	2011	2012	2013	2014	2015	2016	2017	2018	2019	2020	2021	2022	2107	2152	2153	2154	2155	2156	2157	2106	
2159	2160	2161	2162	2163	2164	2158	2152	2153	2154	2155	2156	2157	2107	2017	2018	2019	2020	2021	2022	2108	
2017	2018	2019	2020	2021	2022	2023	2024	2025	2026	2027	2028	2029	2109	2159	2160	2161	2162	2163	2164	2108	
2166	2167	2168	2169	2170	2171	2165	2159	2160	2161	2162	2163	2164	2109	2024	2025	2026	2027	2028	2029	2110	
2024	2025	2026	2027	2028	2029	2030	2031	2032	2033	2034	2035	2036	2111	2166	2167	2168	2169	2170	2171	2110	
2173	2174	2175	2176	2177	2178	2172	2166	2167	2168	2169	2170	2171	2111	2031	2032	2033	2034	2035	2036	2112	
2031	2032	2033	2034	2035	2036	2037	2038	2039	2040	2041	2042	2043	2113	2173	2174	2175	2176	2177	2178	2112	
2180	2181	2182	2183	2184	2185	2179	2173	2174	2175	2176	2177	2178	2113	2038	2039	2040	2041	2042	2043	2114	
2038	2039	2040	2041	2042	2043	2044	2045	2046	2047	2048	2049	2050	2115	2180	2181	2182	2183	2184	2185	2114	
2187	2188	2189	2190	2191	2192	2186	2180	2181	2182	2183	2184	2185	2115	2045	2046	2047	2048	2049	2050	2116	
2045	2046	2047	2048	2049	2050	2051	2052	2053	2054	2055	2056	2057	2117	2187	2188	2189	2190	2191	2192	2116	
2194	2195	2196	2197	2198	2199	2193	2187	2188	2189	2190	2191	2192	2117	2052	2053	2054	2055	2056	2057	2118	
2052	2053	2054	2055	2056	2057	2058	2059	2060	2061	2062	2063	2064	2119	2194	2195	2196	2197	2198	2199	2118	
2201	2202	2203	2204	2205	2206	2200	2194	2195	2196	2197	2198	2199	2119	2059	2060	2061	2062	2063	2064	2120	
2059	2060	2061	2062	2063	2064	2065	2066	2067	2068	2069	2070	2071	2121	2201	2202	2203	2204	2205	2206	2120	
2208	2209	2210	2211	2212	2213	2207	2201	2202	2203	2204	2205	2206	2121	2066	2067	2068	2069	2070	2071	2122	
2066	2067	2068	2069	2070	2071	2072	2073	2074	2075	2076	2077	2078	2123	2208	2209	2210	2211	2212	2213	2122	
2215	2216	2217	2218	2219	2220	2214	2208	2209	2210	2211	2212	2213	2123	2073	2074	2075	2076	2077	2078	2124	
2073	2074	2075	2076	2077	2078	2079	2080	2081	2082	2083	2084	2085	2125	2215	2216	2217	2218	2219	2220	2124	
2222	2223	2224	2225	2226	2227	2221	2215	2216	2217	2218	2219	2220	2125	2080	2081	2082	2083	2084	2085	2126	
2080	2081	2082	2083	2084	2085	2086	2087	2088	2089	2090	2091	2092	2127	2222	2223	2224	2225	2226	2227	2126	
2229	2230	2231	2232	2233	2234	2228	2222	2223	2224	2225	2226	2227	2127	2087	2088	2089	2090	2091	2092	2128	
2087	2088	2089	2090	2091	2092	2093	2094	2095	2096	2097	2098	2099	2129	2229	2230	2231	2232	2233	2234	2128	
2236	2237	2238	2239	2240	2241	2235	2229	2230	2231	2232	2233	2234	2129	2094	2095	2096	2097	2098	2099	2130	